                                         2019 AHRQ MEPS DATA USERS WORKSHOP (EXERCISE1.SAS)                                        1
                                                NATIONAL HEALTH CARE EXPENSES, 2016
                                            Supporting crosstabs for the flag variables

                                                         The FREQ Procedure

                                                                             Cumulative    Cumulative
                              X_ANYSVCE    TOTAL    Frequency     Percent     Frequency      Percent
                              -----------------------------------------------------------------------
                                      0    0            6933       20.01          6933        20.01  
                                      1    >0          27722       79.99         34655       100.00  


                                                                             Cumulative    Cumulative
                               AGECAT    AGELAST    Frequency     Percent     Frequency      Percent
                               ----------------------------------------------------------------------
                                    1          0         435        1.26           435         1.26  
                                    1          1         419        1.21           854         2.46  
                                    1          2         436        1.26          1290         3.72  
                                    1          3         489        1.41          1779         5.13  
                                    1          4         510        1.47          2289         6.61  
                                    1          5         522        1.51          2811         8.11  
                                    1          6         506        1.46          3317         9.57  
                                    1          7         587        1.69          3904        11.27  
                                    1          8         502        1.45          4406        12.71  
                                    1          9         583        1.68          4989        14.40  
                                    1         10         567        1.64          5556        16.03  
                                    1         11         544        1.57          6100        17.60  
                                    1         12         491        1.42          6591        19.02  
                                    1         13         503        1.45          7094        20.47  
                                    1         14         527        1.52          7621        21.99  
                                    1         15         547        1.58          8168        23.57  
                                    1         16         535        1.54          8703        25.11  
                                    1         17         508        1.47          9211        26.58  
                                    1         18         490        1.41          9701        27.99  
                                    1         19         500        1.44         10201        29.44  
                                    1         20         446        1.29         10647        30.72  
                                    1         21         463        1.34         11110        32.06  
                                    1         22         416        1.20         11526        33.26  
                                    1         23         436        1.26         11962        34.52  
                                    1         24         471        1.36         12433        35.88  
                                    1         25         493        1.42         12926        37.30  
                                    1         26         472        1.36         13398        38.66  
                                    1         27         448        1.29         13846        39.95  
                                    1         28         430        1.24         14276        41.19  
                                    1         29         445        1.28         14721        42.48  
                                    1         30         465        1.34         15186        43.82  
                                    1         31         461        1.33         15647        45.15  
                                    1         32         445        1.28         16092        46.43  
                                    1         33         471        1.36         16563        47.79  
                                    1         34         458        1.32         17021        49.12  
                                    1         35         462        1.33         17483        50.45  
                                    1         36         484        1.40         17967        51.85  
                                    1         37         430        1.24         18397        53.09  
                                    1         38         444        1.28         18841        54.37  
                                    1         39         455        1.31         19296        55.68  
                                    1         40         455        1.31         19751        56.99  
                                    1         41         435        1.26         20186        58.25  
                                    1         42         425        1.23         20611        59.47  
                                    1         43         377        1.09         20988        60.56  
                                    1         44         443        1.28         21431        61.84  
                                    1         45         468        1.35         21899        63.19  
                                    1         46         426        1.23         22325        64.42  
                                    1         47         487        1.41         22812        65.83  
                                    1         48         413        1.19         23225        67.02  
                                    1         49         461        1.33         23686        68.35  
                                    1         50         396        1.14         24082        69.49  
                                    1         51         489        1.41         24571        70.90  
                                    1         52         435        1.26         25006        72.16  
                                    1         53         467        1.35         25473        73.50  
                                    1         54         421        1.21         25894        74.72  
                                    1         55         453        1.31         26347        76.03  
                                    1         56         428        1.24         26775        77.26  
                                    1         57         457        1.32         27232        78.58  
                                    1         58         438        1.26         27670        79.84  
                                    1         59         415        1.20         28085        81.04  
                                    1         60         412        1.19         28497        82.23  
                                    1         61         346        1.00         28843        83.23  
                                    1         62         377        1.09         29220        84.32  
                                         2019 AHRQ MEPS DATA USERS WORKSHOP (EXERCISE1.SAS)                                        2
                                                NATIONAL HEALTH CARE EXPENSES, 2016
                                            Supporting crosstabs for the flag variables

                                                         The FREQ Procedure

                                                                             Cumulative    Cumulative
                               AGECAT    AGELAST    Frequency     Percent     Frequency      Percent
                               ----------------------------------------------------------------------
                                    1         63         356        1.03         29576        85.34  
                                    1         64         334        0.96         29910        86.31  
                                    2         65         325        0.94         30235        87.25  
                                    2         66         350        1.01         30585        88.26  
                                    2         67         298        0.86         30883        89.12  
                                    2         68         310        0.89         31193        90.01  
                                    2         69         302        0.87         31495        90.88  
                                    2         70         276        0.80         31771        91.68  
                                    2         71         200        0.58         31971        92.26  
                                    2         72         220        0.63         32191        92.89  
                                    2         73         222        0.64         32413        93.53  
                                    2         74         200        0.58         32613        94.11  
                                    2         75         190        0.55         32803        94.66  
                                    2         76         200        0.58         33003        95.23  
                                    2         77         166        0.48         33169        95.71  
                                    2         78         162        0.47         33331        96.18  
                                    2         79         137        0.40         33468        96.57  
                                    2         80         135        0.39         33603        96.96  
                                    2         81         141        0.41         33744        97.37  
                                    2         82         138        0.40         33882        97.77  
                                    2         83         115        0.33         33997        98.10  
                                    2         84         115        0.33         34112        98.43  
                                    2         85         543        1.57         34655       100.00  
                                         2019 AHRQ MEPS DATA USERS WORKSHOP (EXERCISE1.SAS)                                        3
                                                NATIONAL HEALTH CARE EXPENSES, 2016
                                               PERCENTAGE OF PERSONS WITH AN EXPENSE

                                                                                                              SE of
                                                                                                             Number
                                                                                       Persons              Persons
                                   Population                    SE of                with Any                 with
                            N            Size    Proportion    Proportion              Expense          Any Expense

                       33,259     323,141,687        0.85       0.00359            273,773,024            6,396,258
                                         2019 AHRQ MEPS DATA USERS WORKSHOP (EXERCISE1.SAS)                                        4
                                                NATIONAL HEALTH CARE EXPENSES, 2016
                                                          OVERALL EXPENSES

                                    Population                     SE of                Total                SE of
                             N            Size      Mean($)      Mean($)          Expense ($)     Total Expense($)

                        33,259     323,141,687     5,005.64    116.95824    1,617,531,007,314       50,638,644,399
                                         2019 AHRQ MEPS DATA USERS WORKSHOP (EXERCISE1.SAS)                                        5
                                                NATIONAL HEALTH CARE EXPENSES, 2016
                            MEAN EXPENSE PER PERSON WITH AN EXPENSE, FOR OVERALL, AGE 0-64, AND AGE 65+

            Age                           Population                     SE of                Total                SE of
            Group                  N            Size      Mean($)      Mean($)          Expense ($)     Total Expense($)

            ALL AGES          26,942     273,773,024      5,908.3     133.8208    1,617,531,007,314       50,638,644,399
            0-64              22,513     224,366,322      4,615.1     137.6071    1,035,478,590,271       38,245,335,117
            65+                4,429      49,406,702     11,780.8     429.1720      582,052,417,044       26,901,634,384
